  23Na-87Rb scattering length of Na|1,1> + Rb|1,-1>                               
  05 May 2021 12:53:55    NSTATE = 64   NQN =  5   NNRG =   1   NFIELD =    96
  JSTATE    -1  -1  -1  -1  -1  -1  -1  -1  -1  -1  -1  -1  -1  -1  -1
  JSTATE    -1  -1  -1  -1  -1  -1  -1  -1  -1  -1  -1  -1  -1  -1  -1
  JSTATE    -1  -1   1   1   1   1   1   1   1   1   1   1   1   1   1
  JSTATE     1   1   1   1   1   1   1   1   1   1   1   1   1   1   1
  JSTATE     1   1   1   1  -3  -3  -3  -3  -3  -3  -3  -3  -1  -1  -1
  JSTATE    -1  -1  -1  -1  -1   1   1   1   1   1   1   1   1   3   3
  JSTATE     3   3   3   3   3   3  -3  -3  -3  -3  -3  -3  -3  -3  -1
  JSTATE    -1  -1  -1  -1  -1  -1  -1   1   1   1   1   1   1   1   1
  JSTATE     3   3   3   3   3   3   3   3  -1  -1  -1  -1   1   1   1
  JSTATE     1  -1  -1  -1  -1   1   1   1   1  -1  -1  -1  -1   1   1
  JSTATE     1   1  -1  -1  -1  -1   1   1   1   1  -1  -1  -1  -1   1
  JSTATE     1   1   1  -1  -1  -1  -1   1   1   1   1  -1  -1  -1  -1
  JSTATE     1   1   1   1  -1  -1  -1  -1   1   1   1   1  -3  -1   1
  JSTATE     3  -3  -1   1   3  -3  -1   1   3  -3  -1   1   3  -3  -1
  JSTATE     1   3  -3  -1   1   3  -3  -1   1   3  -3  -1   1   3  -3
  JSTATE    -1   1   3  -3  -1   1   3  -3  -1   1   3  -3  -1   1   3
  JSTATE    -3  -1   1   3  -3  -1   1   3  -3  -1   1   3  -3  -1   1
  JSTATE     3   0   0   0   0   0   0   0   0   0   0   0   0   0   0
  JSTATE     0   0   0   0   0   0   0   0   0   0   0   0   0   0   0
  JSTATE     0   0   0   0   0   0   0   0   0   0   0   0   0   0   0
  JSTATE     0   0   0   0   0   0   0   0   0   0   0   0   0   0   0
  JSTATE     0   0   0   0   0

  JTOT  IBLOCK  NOP   I    ENERGY(I)/CM-1       MAGNETIC Z FIELD (GAUSS )   EIGENPHASE SUM/PI                                                SCATTERING LENGTH
                                                                                                 CHAN   L POW     WVEC*BOHR             RE(A)/BOHR             IM(A)/BOHR
     0       2    3   1   0.695034800E-09                 0.00000000000       9.99886618860         3   0   1 0.1448803066174E-004   0.8285990879085E+002  -0.1054450912833E-003
     0       2    3   1   0.695034800E-09                0.100000000000E-01   9.99877757311         3   0   1 0.1448803569060E-004   0.8285998939123E+002  -0.1139361949281E-003
     0       2    3   1   0.695034800E-09                0.200000000000E-01   9.99869746971         3   0   1 0.1448803425378E-004   0.8286001372913E+002  -0.1219894786245E-003
     0       2    3   1   0.695034800E-09                0.300000000000E-01   9.99862357668         3   0   1 0.1448803473272E-004   0.8286005219152E+002  -0.1296868714726E-003
     0       2    3   1   0.695034800E-09                0.400000000000E-01   9.99855448470         3   0   1 0.1448803449325E-004   0.8286008686531E+002  -0.1370879425748E-003
     0       2    3   1   0.695034800E-09                0.500000000000E-01   9.99848925119         3   0   1 0.1448803329590E-004   0.8286011580107E+002  -0.1442373396199E-003
     0       2    3   1   0.695034800E-09                0.600000000000E-01   9.99842720749         3   0   1 0.1448803521166E-004   0.8286016980239E+002  -0.1511727915872E-003
     0       2    3   1   0.695034800E-09                0.700000000000E-01   9.99836785868         3   0   1 0.1448803473272E-004   0.8286020429709E+002  -0.1579214258044E-003
     0       2    3   1   0.695034800E-09                0.800000000000E-01   9.99831082477         3   0   1 0.1448803353537E-004   0.8286022590332E+002  -0.1645060368744E-003
     0       2    3   1   0.695034800E-09                0.900000000000E-01   9.99825580703         3   0   1 0.1448803257749E-004   0.8286025427240E+002  -0.1709458983477E-003
     0       2    3   1   0.695034800E-09                0.100000000000       9.99820256547         3   0   1 0.1448802946439E-004   0.8286026306212E+002  -0.1772566915531E-003
     0       2    3   1   0.695034800E-09                0.110000000000       9.99815090191         3   0   1 0.1448803569060E-004   0.8286035663564E+002  -0.1834515448697E-003
     0       2    3   1   0.695034800E-09                0.120000000000       9.99810065464         3   0   1 0.1448803545113E-004   0.8286039164240E+002  -0.1895422214870E-003
     0       2    3   1   0.695034800E-09                0.130000000000       9.99805168510         3   0   1 0.1448803569060E-004   0.8286043151023E+002  -0.1955384116705E-003
     0       2    3   1   0.695034800E-09                0.140000000000       9.99800387704         3   0   1 0.1448803449325E-004   0.8286045898839E+002  -0.2014475430083E-003
     0       2    3   1   0.695034800E-09                0.150000000000       9.99795712908         3   0   1 0.1448803569060E-004   0.8286050903029E+002  -0.2072789853165E-003
     0       2    3   1   0.695034800E-09                0.160000000000       9.99791135457         3   0   1 0.1448803305643E-004   0.8286051426040E+002  -0.2130379073808E-003
     0       2    3   1   0.695034800E-09                0.170000000000       9.99786647655         3   0   1 0.1448803377484E-004   0.8286055777547E+002  -0.2187298442037E-003
     0       2    3   1   0.695034800E-09                0.180000000000       9.99782242881         3   0   1 0.1448803353537E-004   0.8286059631734E+002  -0.2243602045402E-003
     0       2    3   1   0.695034800E-09                0.190000000000       9.99777915182         3   0   1 0.1448803616954E-004   0.8286064992410E+002  -0.2299333873678E-003
     0       2    3   1   0.695034800E-09                0.200000000000       9.99773659323         3   0   1 0.1448803473272E-004   0.8286067754822E+002  -0.2354539263259E-003
     0       2    3   1   0.695034800E-09                0.210000000000       9.99769470582         3   0   1 0.1448802802757E-004   0.8286064570458E+002  -0.2409252414558E-003
     0       2    3   1   0.695034800E-09                0.220000000000       9.99765344589         3   0   1 0.1448803138014E-004   0.8286071844693E+002  -0.2463500703393E-003
     0       2    3   1   0.695034800E-09                0.230000000000       9.99761277721         3   0   1 0.1448802826704E-004   0.8286072881815E+002  -0.2517321508966E-003
     0       2    3   1   0.695034800E-09                0.240000000000       9.99757266293         3   0   1 0.1448803521166E-004   0.8286082617390E+002  -0.2570741089758E-003
     0       2    3   1   0.695034800E-09                0.250000000000       9.99753307402         3   0   1 0.1448803305643E-004   0.8286084887018E+002  -0.2623777174793E-003
     0       2    3   1   0.695034800E-09                0.260000000000       9.99749398018         3   0   1 0.1448803401431E-004   0.8286089236860E+002  -0.2676452976502E-003
     0       2    3   1   0.695034800E-09                0.270000000000       9.99745535589         3   0   1 0.1448803233802E-004   0.8286091378387E+002  -0.2728794956968E-003
     0       2    3   1   0.695034800E-09                0.280000000000       9.99741717601         3   0   1 0.1448803425378E-004   0.8286096306737E+002  -0.2780823572370E-003
     0       2    3   1   0.695034800E-09                0.290000000000       9.99737942005         3   0   1 0.1448803425378E-004   0.8286100679333E+002  -0.2832547882874E-003
     0       2    3   1   0.695034800E-09                0.300000000000       9.99734206532         3   0   1 0.1448803497219E-004   0.8286103463368E+002  -0.2883990655590E-003
     0       2    3   1   0.695034800E-09                0.310000000000       9.99730509456         3   0   1 0.1448803593007E-004   0.8286108849459E+002  -0.2935164869166E-003
     0       2    3   1   0.695034800E-09                0.320000000000       9.99726848989         3   0   1 0.1448803497219E-004   0.8286112012769E+002  -0.2986091293308E-003
     0       2    3   1   0.695034800E-09                0.330000000000       9.99723223510         3   0   1 0.1448803305643E-004   0.8286113767896E+002  -0.3036768308857E-003
     0       2    3   1   0.695034800E-09                0.340000000000       9.99719631445         3   0   1 0.1448803329590E-004   0.8286117265576E+002  -0.3087222429960E-003
     0       2    3   1   0.695034800E-09                0.350000000000       9.99716071471         3   0   1 0.1448803377484E-004   0.8286121710664E+002  -0.3137446103471E-003
     0       2    3   1   0.695034800E-09                0.360000000000       9.99712542092         3   0   1 0.1448803569060E-004   0.8286126512990E+002  -0.3187462550956E-003
     0       2    3   1   0.695034800E-09                0.370000000000       9.99709042299         3   0   1 0.1448803353537E-004   0.8286128266702E+002  -0.3237300964277E-003
     0       2    3   1   0.695034800E-09                0.380000000000       9.99705570768         3   0   1 0.1448803425378E-004   0.8286132505846E+002  -0.3286917058941E-003
     0       2    3   1   0.695034800E-09                0.390000000000       9.99702126459         3   0   1 0.1448803521166E-004   0.8286137379102E+002  -0.3336364663925E-003
     0       2    3   1   0.695034800E-09                0.400000000000       9.99698708397         3   0   1 0.1448803401431E-004   0.8286140188078E+002  -0.3385657660594E-003
     0       2    3   1   0.695034800E-09                0.410000000000       9.99695315579         3   0   1 0.1448803449325E-004   0.8286143414895E+002  -0.3434761368836E-003
     0       2    3   1   0.695034800E-09                0.420000000000       9.99691947073         3   0   1 0.1448803569060E-004   0.8286149446171E+002  -0.3483710846483E-003
     0       2    3   1   0.695034800E-09                0.430000000000       9.99688602051         3   0   1 0.1448803473272E-004   0.8286150942388E+002  -0.3532512288208E-003
     0       2    3   1   0.695034800E-09                0.440000000000       9.99685279703         3   0   1 0.1448803593007E-004   0.8286155613317E+002  -0.3581175406539E-003
     0       2    3   1   0.695034800E-09                0.450000000000       9.99681979268         3   0   1 0.1448803449325E-004   0.8286158519583E+002  -0.3629678593945E-003
     0       2    3   1   0.695034800E-09                0.460000000000       9.99678700087         3   0   1 0.1448802611181E-004   0.8286154357843E+002  -0.3678051768763E-003
     0       2    3   1   0.695034800E-09                0.470000000000       9.99675441260         3   0   1 0.1448803353537E-004   0.8286164911927E+002  -0.3726305512944E-003
     0       2    3   1   0.695034800E-09                0.480000000000       9.99672202343         3   0   1 0.1448803281696E-004   0.8286167236477E+002  -0.3774428237568E-003
     0       2    3   1   0.695034800E-09                0.490000000000       9.99668982646         3   0   1 0.1448803353537E-004   0.8286171990296E+002  -0.3822438691248E-003
     0       2    3   1   0.695034800E-09                0.500000000000       9.99665781566         3   0   1 0.1448803377484E-004   0.8286176007151E+002  -0.3870312506758E-003
     0       2    3   1   0.695034800E-09                0.510000000000       9.99662598532         3   0   1 0.1448803305643E-004   0.8286177535610E+002  -0.3918100309938E-003
     0       2    3   1   0.695034800E-09                0.520000000000       9.99659433054         3   0   1 0.1448803305643E-004   0.8286182629819E+002  -0.3965767251964E-003
     0       2    3   1   0.695034800E-09                0.530000000000       9.99656284551         3   0   1 0.1448803593007E-004   0.8286188894429E+002  -0.4013357173357E-003
     0       2    3   1   0.695034800E-09                0.540000000000       9.99653152655         3   0   1 0.1448803473272E-004   0.8286191575076E+002  -0.4060827337355E-003
     0       2    3   1   0.695034800E-09                0.550000000000       9.99650036872         3   0   1 0.1448803185908E-004   0.8286191520378E+002  -0.4108172952307E-003
     0       2    3   1   0.695034800E-09                0.560000000000       9.99646936664         3   0   1 0.1448802826704E-004   0.8286192142455E+002  -0.4155457786404E-003
     0       2    3   1   0.695034800E-09                0.570000000000       9.99643851557         3   0   1 0.1448803449325E-004   0.8286201520997E+002  -0.4202628729320E-003
     0       2    3   1   0.695034800E-09                0.580000000000       9.99640781383         3   0   1 0.1448802994333E-004   0.8286201246485E+002  -0.4249736746877E-003
     0       2    3   1   0.695034800E-09                0.590000000000       9.99637725501         3   0   1 0.1448803353537E-004   0.8286209472731E+002  -0.4296753386269E-003
     0       2    3   1   0.695034800E-09                0.600000000000       9.99634683660         3   0   1 0.1448803497219E-004   0.8286213301572E+002  -0.4343689133858E-003
     0       2    3   1   0.695034800E-09                0.610000000000       9.99631655488         3   0   1 0.1448803329590E-004   0.8286215664061E+002  -0.4390557701962E-003
     0       2    3   1   0.695034800E-09                0.620000000000       9.99628640677         3   0   1 0.1448803664848E-004   0.8286222622697E+002  -0.4437332352864E-003
     0       2    3   1   0.695034800E-09                0.630000000000       9.99625638858         3   0   1 0.1448803545113E-004   0.8286225125677E+002  -0.4484058976091E-003
     0       2    3   1   0.695034800E-09                0.640000000000       9.99622649741         3   0   1 0.1448803425378E-004   0.8286227761785E+002  -0.4530679004161E-003
     0       2    3   1   0.695034800E-09                0.650000000000       9.99619672927         3   0   1 0.1448803616954E-004   0.8286232353010E+002  -0.4577235479807E-003
     0       2    3   1   0.695034800E-09                0.660000000000       9.99616708243         3   0   1 0.1448803281696E-004   0.8286233171504E+002  -0.4623735372821E-003
     0       2    3   1   0.695034800E-09                0.670000000000       9.99613755359         3   0   1 0.1448803425378E-004   0.8286238008989E+002  -0.4670175490827E-003
     0       2    3   1   0.695034800E-09                0.680000000000       9.99610814037         3   0   1 0.1448802443552E-004   0.8286232907277E+002  -0.4716544339149E-003
     0       2    3   1   0.695034800E-09                0.690000000000       9.99607883861         3   0   1 0.1448803497219E-004   0.8286246145905E+002  -0.4762848070797E-003
     0       2    3   1   0.695034800E-09                0.700000000000       9.99604964700         3   0   1 0.1448802802757E-004   0.8286242728070E+002  -0.4809098047541E-003
     0       2    3   1   0.695034800E-09                0.710000000000       9.99602056279         3   0   1 0.1448803401431E-004   0.8286252422233E+002  -0.4855300247905E-003
     0       2    3   1   0.695034800E-09                0.720000000000       9.99599158466         3   0   1 0.1448803521166E-004   0.8286257001621E+002  -0.4901418476999E-003
     0       2    3   1   0.695034800E-09                0.730000000000       9.99596270933         3   0   1 0.1448803521166E-004   0.8286260422701E+002  -0.4947498251863E-003
     0       2    3   1   0.695034800E-09                0.740000000000       9.99593393457         3   0   1 0.1448803161961E-004   0.8286260799354E+002  -0.4993526391571E-003
     0       2    3   1   0.695034800E-09                0.750000000000       9.99590525807         3   0   1 0.1448803138014E-004   0.8286265206977E+002  -0.5039499901226E-003
     0       2    3   1   0.695034800E-09                0.760000000000       9.99587667834         3   0   1 0.1448803473272E-004   0.8286271306295E+002  -0.5085422142575E-003
     0       2    3   1   0.695034800E-09                0.770000000000       9.99584819360         3   0   1 0.1448803161961E-004   0.8286271545885E+002  -0.5131296058885E-003
     0       2    3   1   0.695034800E-09                0.780000000000       9.99581980147         3   0   1 0.1448803257749E-004   0.8286275848226E+002  -0.5177118806373E-003
     0       2    3   1   0.695034800E-09                0.790000000000       9.99579149980         3   0   1 0.1448803377484E-004   0.8286281430529E+002  -0.5222897658549E-003
     0       2    3   1   0.695034800E-09                0.800000000000       9.99576328674         3   0   1 0.1448803545113E-004   0.8286287392861E+002  -0.5268628049394E-003
     0       2    3   1   0.695034800E-09                0.810000000000       9.99573516137         3   0   1 0.1448803449325E-004   0.8286289728011E+002  -0.5314334296253E-003
     0       2    3   1   0.695034800E-09                0.820000000000       9.99570712200         3   0   1 0.1448803569060E-004   0.8286293126423E+002  -0.5359975861077E-003
     0       2    3   1   0.695034800E-09                0.830000000000       9.99567916629         3   0   1 0.1448803569060E-004   0.8286297327526E+002  -0.5405577607022E-003
     0       2    3   1   0.695034800E-09                0.840000000000       9.99565129288         3   0   1 0.1448803305643E-004   0.8286299061156E+002  -0.5451144083115E-003
     0       2    3   1   0.695034800E-09                0.850000000000       9.99562349975         3   0   1 0.1448803281696E-004   0.8286302097158E+002  -0.5496669582098E-003
     0       2    3   1   0.695034800E-09                0.860000000000       9.99559578633         3   0   1 0.1448803569060E-004   0.8286308958779E+002  -0.5542154383952E-003
     0       2    3   1   0.695034800E-09                0.870000000000       9.99556815057         3   0   1 0.1448803377484E-004   0.8286310401158E+002  -0.5587597397049E-003
     0       2    3   1   0.695034800E-09                0.880000000000       9.99554059153         3   0   1 0.1448803377484E-004   0.8286314294624E+002  -0.5633018981563E-003
     0       2    3   1   0.695034800E-09                0.890000000000       9.99551310761         3   0   1 0.1448803425378E-004   0.8286318308323E+002  -0.5678368191312E-003
     0       2    3   1   0.695034800E-09                0.900000000000       9.99548569644         3   0   1 0.1448803569060E-004   0.8286322332308E+002  -0.5723727685664E-003
     0       2    3   1   0.695034800E-09                0.910000000000       9.99545835863         3   0   1 0.1448803401431E-004   0.8286325188314E+002  -0.5769022697348E-003
     0       2    3   1   0.695034800E-09                0.920000000000       9.99543109233         3   0   1 0.1448803521166E-004   0.8286329402667E+002  -0.5814304856013E-003
     0       2    3   1   0.695034800E-09                0.930000000000       9.99540389454         3   0   1 0.1448803449325E-004   0.8286332954702E+002  -0.5859542522202E-003
     0       2    3   1   0.695034800E-09                0.940000000000       9.99537676631         3   0   1 0.1448803233802E-004   0.8286334571927E+002  -0.5904736729380E-003
     0       2    3   1   0.695034800E-09                0.950000000000       9.99534970535         3   0   1 0.1448803138014E-004   0.8286337399594E+002  -0.5949905600559E-003

  TOTAL CPU =    41.50 SECS   LAST CYCLE =    0.45 SECS   NUSED =    2092
