  23Na-87Rb scattering length of Na|1,0> + Rb|1,0>                                
  05 May 2021 13:47:48    NSTATE = 64   NQN =  5   NNRG =   1   NFIELD =    96
  JSTATE    -1  -1  -1  -1  -1  -1  -1  -1  -1  -1  -1  -1  -1  -1  -1
  JSTATE    -1  -1  -1  -1  -1  -1  -1  -1  -1  -1  -1  -1  -1  -1  -1
  JSTATE    -1  -1   1   1   1   1   1   1   1   1   1   1   1   1   1
  JSTATE     1   1   1   1   1   1   1   1   1   1   1   1   1   1   1
  JSTATE     1   1   1   1  -3  -3  -3  -3  -3  -3  -3  -3  -1  -1  -1
  JSTATE    -1  -1  -1  -1  -1   1   1   1   1   1   1   1   1   3   3
  JSTATE     3   3   3   3   3   3  -3  -3  -3  -3  -3  -3  -3  -3  -1
  JSTATE    -1  -1  -1  -1  -1  -1  -1   1   1   1   1   1   1   1   1
  JSTATE     3   3   3   3   3   3   3   3  -1  -1  -1  -1   1   1   1
  JSTATE     1  -1  -1  -1  -1   1   1   1   1  -1  -1  -1  -1   1   1
  JSTATE     1   1  -1  -1  -1  -1   1   1   1   1  -1  -1  -1  -1   1
  JSTATE     1   1   1  -1  -1  -1  -1   1   1   1   1  -1  -1  -1  -1
  JSTATE     1   1   1   1  -1  -1  -1  -1   1   1   1   1  -3  -1   1
  JSTATE     3  -3  -1   1   3  -3  -1   1   3  -3  -1   1   3  -3  -1
  JSTATE     1   3  -3  -1   1   3  -3  -1   1   3  -3  -1   1   3  -3
  JSTATE    -1   1   3  -3  -1   1   3  -3  -1   1   3  -3  -1   1   3
  JSTATE    -3  -1   1   3  -3  -1   1   3  -3  -1   1   3  -3  -1   1
  JSTATE     3   0   0   0   0   0   0   0   0   0   0   0   0   0   0
  JSTATE     0   0   0   0   0   0   0   0   0   0   0   0   0   0   0
  JSTATE     0   0   0   0   0   0   0   0   0   0   0   0   0   0   0
  JSTATE     0   0   0   0   0   0   0   0   0   0   0   0   0   0   0
  JSTATE     0   0   0   0   0

  JTOT  IBLOCK  NOP   I    ENERGY(I)/CM-1       MAGNETIC Z FIELD (GAUSS )   EIGENPHASE SUM/PI                                                SCATTERING LENGTH
                                                                                                 CHAN   L POW     WVEC*BOHR             RE(A)/BOHR             IM(A)/BOHR
     0       2    3   1   0.695034800E-09                 0.00000000000       9.99886618860         2   0   1 0.1448803329590E-004   0.7986765560931E+002  -0.1990426665371E-003
     0       2    3   1   0.695034800E-09                0.100000000000E-01   9.99886948767         2   0   1 0.1448803257749E-004   0.8013647875690E+002  -0.2099608546893E-003
     0       2    3   1   0.695034800E-09                0.200000000000E-01   9.99887976911         2   0   1 0.1448803281696E-004   0.8013648076692E+002  -0.2071244866029E-003
     0       2    3   1   0.695034800E-09                0.300000000000E-01   9.99889841782         2   0   1 0.1448803449325E-004   0.8013649856025E+002  -0.2019801991331E-003
     0       2    3   1   0.695034800E-09                0.400000000000E-01   9.99892892603         2   0   1 0.1448803209855E-004   0.8013647715827E+002  -0.1935639619724E-003
     0       2    3   1   0.695034800E-09                0.500000000000E-01   9.99898245411         2   0   1 0.1448803161961E-004   0.8013646592819E+002  -0.1787968606626E-003
     0       2    2   1   0.695034800E-09                0.600000000000E-01   9.99909889569         2   0   1 0.1448803233802E-004   0.8013650120571E+002  -0.1466725362118E-003
     0       2    2   1   0.695034800E-09                0.700000000000E-01   9.99907945925         2   0   1 0.1448803233802E-004   0.8013652630539E+002  -0.1520374822813E-003
     0       2    2   1   0.695034800E-09                0.800000000000E-01   9.99906111488         2   0   1 0.1448803353537E-004   0.8013655941098E+002  -0.1571011897174E-003
     0       2    2   1   0.695034800E-09                0.900000000000E-01   9.99904376038         2   0   1 0.1448803329590E-004   0.8013657286855E+002  -0.1618918994973E-003
     0       2    2   1   0.695034800E-09                0.100000000000       9.99902731038         2   0   1 0.1448803138014E-004   0.8013655890629E+002  -0.1664332055315E-003
     0       2    2   1   0.695034800E-09                0.110000000000       9.99901169207         2   0   1 0.1448803329590E-004   0.8013659274399E+002  -0.1707449810337E-003
     0       2    2   1   0.695034800E-09                0.120000000000       9.99899684447         2   0   1 0.1448803209855E-004   0.8013658627319E+002  -0.1748442268265E-003
     0       2    2   1   0.695034800E-09                0.130000000000       9.99898271434         2   0   1 0.1448803377484E-004   0.8013661203119E+002  -0.1787458893579E-003
     0       2    2   1   0.695034800E-09                0.140000000000       9.99896925586         2   0   1 0.1448803042227E-004   0.8013659221382E+002  -0.1824616765147E-003
     0       2    2   1   0.695034800E-09                0.150000000000       9.99895642846         2   0   1 0.1448803138014E-004   0.8013660957428E+002  -0.1860036795758E-003
     0       2    2   1   0.695034800E-09                0.160000000000       9.99894419696         2   0   1 0.1448803138014E-004   0.8013661713672E+002  -0.1893813252685E-003
     0       2    2   1   0.695034800E-09                0.170000000000       9.99893252982         2   0   1 0.1448803401431E-004   0.8013664728151E+002  -0.1926032845619E-003
     0       2    2   1   0.695034800E-09                0.180000000000       9.99892139930         2   0   1 0.1448803377484E-004   0.8013665729912E+002  -0.1956771950374E-003
     0       2    2   1   0.695034800E-09                0.190000000000       9.99891078053         2   0   1 0.1448803377484E-004   0.8013666887617E+002  -0.1986099953914E-003
     0       2    2   1   0.695034800E-09                0.200000000000       9.99890065128         2   0   1 0.1448803329590E-004   0.8013666510840E+002  -0.2014077982796E-003
     0       2    2   1   0.695034800E-09                0.210000000000       9.99889099106         2   0   1 0.1448803233802E-004   0.8013666635077E+002  -0.2040761832698E-003
     0       2    2   1   0.695034800E-09                0.220000000000       9.99888178177         2   0   1 0.1448803425378E-004   0.8013668974515E+002  -0.2066201647561E-003
     0       2    2   1   0.695034800E-09                0.230000000000       9.99887300713         2   0   1 0.1448803233802E-004   0.8013668047133E+002  -0.2090442503939E-003
     0       2    2   1   0.695034800E-09                0.240000000000       9.99886465180         2   0   1 0.1448803640901E-004   0.8013673004569E+002  -0.2113530101645E-003
     0       2    2   1   0.695034800E-09                0.250000000000       9.99885670295         2   0   1 0.1448803329590E-004   0.8013669533970E+002  -0.2135489325722E-003
     0       2    2   1   0.695034800E-09                0.260000000000       9.99884914736         2   0   1 0.1448803353537E-004   0.8013670519339E+002  -0.2156367219594E-003
     0       2    2   1   0.695034800E-09                0.270000000000       9.99884197426         2   0   1 0.1448803305643E-004   0.8013671338617E+002  -0.2176190352981E-003
     0       2    2   1   0.695034800E-09                0.280000000000       9.99883517270         2   0   1 0.1448803377484E-004   0.8013672330246E+002  -0.2194987597551E-003
     0       2    2   1   0.695034800E-09                0.290000000000       9.99882873409         2   0   1 0.1448802898545E-004   0.8013668567193E+002  -0.2212785191914E-003
     0       2    2   1   0.695034800E-09                0.300000000000       9.99882264845         2   0   1 0.1448803329590E-004   0.8013673532305E+002  -0.2229606586956E-003
     0       2    2   1   0.695034800E-09                0.310000000000       9.99881690893         2   0   1 0.1448803305643E-004   0.8013673286679E+002  -0.2245471213242E-003
     0       2    2   1   0.695034800E-09                0.320000000000       9.99881150786         2   0   1 0.1448803281696E-004   0.8013674461311E+002  -0.2260407793327E-003
     0       2    2   1   0.695034800E-09                0.330000000000       9.99880643867         2   0   1 0.1448803209855E-004   0.8013673701137E+002  -0.2274422471373E-003
     0       2    2   1   0.695034800E-09                0.340000000000       9.99880169518         2   0   1 0.1448803281696E-004   0.8013675239078E+002  -0.2287545332482E-003
     0       2    2   1   0.695034800E-09                0.350000000000       9.99879727195         2   0   1 0.1448802922492E-004   0.8013672431103E+002  -0.2299781611583E-003
     0       2    2   1   0.695034800E-09                0.360000000000       9.99879316328         2   0   1 0.1448803329590E-004   0.8013675998833E+002  -0.2311148424213E-003
     0       2    2   1   0.695034800E-09                0.370000000000       9.99878936539         2   0   1 0.1448803257749E-004   0.8013677296717E+002  -0.2321658684944E-003
     0       2    2   1   0.695034800E-09                0.380000000000       9.99878587351         2   0   1 0.1448803281696E-004   0.8013677825589E+002  -0.2331323999116E-003
     0       2    2   1   0.695034800E-09                0.390000000000       9.99878268403         2   0   1 0.1448803353537E-004   0.8013679727625E+002  -0.2340154828692E-003
     0       2    2   1   0.695034800E-09                0.400000000000       9.99877979370         2   0   1 0.1448803257749E-004   0.8013678202241E+002  -0.2348160563329E-003
     0       2    2   1   0.695034800E-09                0.410000000000       9.99877719916         2   0   1 0.1448803329590E-004   0.8013679831049E+002  -0.2355349498801E-003
     0       2    2   1   0.695034800E-09                0.420000000000       9.99877489788         2   0   1 0.1448803209855E-004   0.8013679691743E+002  -0.2361729346693E-003
     0       2    2   1   0.695034800E-09                0.430000000000       9.99877288730         2   0   1 0.1448803281696E-004   0.8013680646622E+002  -0.2367303836760E-003
     0       2    2   1   0.695034800E-09                0.440000000000       9.99877116563         2   0   1 0.1448803377484E-004   0.8013681887689E+002  -0.2372086342085E-003
     0       2    2   1   0.695034800E-09                0.450000000000       9.99876973100         2   0   1 0.1448803305643E-004   0.8013681742000E+002  -0.2376073979848E-003
     0       2    2   1   0.695034800E-09                0.460000000000       9.99876858207         2   0   1 0.1448803257749E-004   0.8013681491880E+002  -0.2379273591265E-003
     0       2    2   1   0.695034800E-09                0.470000000000       9.99876771731         2   0   1 0.1448803305643E-004   0.8013682619325E+002  -0.2381687753500E-003
     0       2    2   1   0.695034800E-09                0.480000000000       9.99876713627         2   0   1 0.1448803257749E-004   0.8013682690747E+002  -0.2383319323127E-003
     0       2    2   1   0.695034800E-09                0.490000000000       9.99876683815         2   0   1 0.1448803305643E-004   0.8013683535878E+002  -0.2384169718649E-003
     0       2    2   1   0.695034800E-09                0.500000000000       9.99876682270         2   0   1 0.1448803329590E-004   0.8013683928572E+002  -0.2384239773033E-003
     0       2    2   1   0.695034800E-09                0.510000000000       9.99876708965         2   0   1 0.1448803353537E-004   0.8013685108834E+002  -0.2383532908795E-003
     0       2    2   1   0.695034800E-09                0.520000000000       9.99876763976         2   0   1 0.1448803473272E-004   0.8013686439844E+002  -0.2382038256538E-003
     0       2    2   1   0.695034800E-09                0.530000000000       9.99876847312         2   0   1 0.1448803377484E-004   0.8013686438549E+002  -0.2379764736545E-003
     0       2    2   1   0.695034800E-09                0.540000000000       9.99876959081         2   0   1 0.1448803353537E-004   0.8013686770636E+002  -0.2376706222656E-003
     0       2    2   1   0.695034800E-09                0.550000000000       9.99877099390         2   0   1 0.1448803161961E-004   0.8013685291259E+002  -0.2372860117525E-003
     0       2    2   1   0.695034800E-09                0.560000000000       9.99877268345         2   0   1 0.1448803138014E-004   0.8013685653295E+002  -0.2368222340913E-003
     0       2    2   1   0.695034800E-09                0.570000000000       9.99877466135         2   0   1 0.1448803329590E-004   0.8013687579281E+002  -0.2362788373667E-003
     0       2    2   1   0.695034800E-09                0.580000000000       9.99877692990         2   0   1 0.1448803114068E-004   0.8013686222556E+002  -0.2356552479346E-003
     0       2    2   1   0.695034800E-09                0.590000000000       9.99877949078         2   0   1 0.1448803281696E-004   0.8013688488634E+002  -0.2349508528890E-003
     0       2    2   1   0.695034800E-09                0.600000000000       9.99878234702         2   0   1 0.1448803305643E-004   0.8013689231395E+002  -0.2341653075351E-003
     0       2    2   1   0.695034800E-09                0.610000000000       9.99878550137         2   0   1 0.1448803616954E-004   0.8013692623164E+002  -0.2332970970795E-003
     0       2    2   1   0.695034800E-09                0.620000000000       9.99878895772         2   0   1 0.1448803353537E-004   0.8013690570496E+002  -0.2323449426005E-003
     0       2    2   1   0.695034800E-09                0.630000000000       9.99879271924         2   0   1 0.1448803401431E-004   0.8013691786846E+002  -0.2313089765078E-003
     0       2    2   1   0.695034800E-09                0.640000000000       9.99879679025         2   0   1 0.1448803305643E-004   0.8013691179140E+002  -0.2301875399935E-003
     0       2    2   1   0.695034800E-09                0.650000000000       9.99880117509         2   0   1 0.1448803329590E-004   0.8013692183595E+002  -0.2289794074119E-003
     0       2    2   1   0.695034800E-09                0.660000000000       9.99880587900         2   0   1 0.1448803329590E-004   0.8013692500795E+002  -0.2276831448446E-003
     0       2    2   1   0.695034800E-09                0.670000000000       9.99881090751         2   0   1 0.1448803281696E-004   0.8013692451089E+002  -0.2262972589745E-003
     0       2    2   1   0.695034800E-09                0.680000000000       9.99881626641         2   0   1 0.1448803281696E-004   0.8013692775414E+002  -0.2248200898203E-003
     0       2    2   1   0.695034800E-09                0.690000000000       9.99882196227         2   0   1 0.1448803114068E-004   0.8013691705709E+002  -0.2232498461278E-003
     0       2    2   1   0.695034800E-09                0.700000000000       9.99882800211         2   0   1 0.1448803425378E-004   0.8013694749023E+002  -0.2215845096397E-003
     0       2    2   1   0.695034800E-09                0.710000000000       9.99883439401         2   0   1 0.1448803377484E-004   0.8013695369851E+002  -0.2198219544884E-003
     0       2    2   1   0.695034800E-09                0.720000000000       9.99884114670         2   0   1 0.1448803281696E-004   0.8013694668014E+002  -0.2179597917170E-003
     0       2    2   1   0.695034800E-09                0.730000000000       9.99884826912         2   0   1 0.1448803138014E-004   0.8013694019032E+002  -0.2159954532743E-003
     0       2    2   1   0.695034800E-09                0.740000000000       9.99885577138         2   0   1 0.1448803281696E-004   0.8013696087690E+002  -0.2139261308311E-003
     0       2    2   1   0.695034800E-09                0.750000000000       9.99886366473         2   0   1 0.1448803329590E-004   0.8013697387007E+002  -0.2117487485216E-003
     0       2    2   1   0.695034800E-09                0.760000000000       9.99887196164         2   0   1 0.1448803353537E-004   0.8013697228463E+002  -0.2094599103025E-003
     0       2    2   1   0.695034800E-09                0.770000000000       9.99888067530         2   0   1 0.1448803353537E-004   0.8013698457677E+002  -0.2070559395079E-003
     0       2    2   1   0.695034800E-09                0.780000000000       9.99888982030         2   0   1 0.1448803233802E-004   0.8013697796035E+002  -0.2045327751873E-003
     0       2    2   1   0.695034800E-09                0.790000000000       9.99889941295         2   0   1 0.1448803281696E-004   0.8013697950100E+002  -0.2018859409272E-003
     0       2    2   1   0.695034800E-09                0.800000000000       9.99890947083         2   0   1 0.1448803377484E-004   0.8013699965018E+002  -0.1991105179562E-003
     0       2    2   1   0.695034800E-09                0.810000000000       9.99892001400         2   0   1 0.1448803616954E-004   0.8013702639628E+002  -0.1962006257280E-003
     0       2    2   1   0.695034800E-09                0.820000000000       9.99893106443         2   0   1 0.1448803353537E-004   0.8013700426380E+002  -0.1931514099156E-003
     0       2    2   1   0.695034800E-09                0.830000000000       9.99894264632         2   0   1 0.1448803233802E-004   0.8013699463328E+002  -0.1899549163682E-003
     0       2    2   1   0.695034800E-09                0.840000000000       9.99895478696         2   0   1 0.1448803305643E-004   0.8013700436368E+002  -0.1866040428127E-003
     0       2    2   1   0.695034800E-09                0.850000000000       9.99896751703         2   0   1 0.1448803305643E-004   0.8013702126883E+002  -0.1830902390348E-003
     0       2    2   1   0.695034800E-09                0.860000000000       9.99898087147         2   0   1 0.1448803353537E-004   0.8013702221517E+002  -0.1794039727342E-003
     0       2    2   1   0.695034800E-09                0.870000000000       9.99899488921         2   0   1 0.1448803353537E-004   0.8013702760670E+002  -0.1755343871228E-003
     0       2    2   1   0.695034800E-09                0.880000000000       9.99900961559         2   0   1 0.1448803281696E-004   0.8013702554997E+002  -0.1714693258274E-003
     0       2    2   1   0.695034800E-09                0.890000000000       9.99902510202         2   0   1 0.1448803161961E-004   0.8013701418502E+002  -0.1671936526707E-003
     0       2    2   1   0.695034800E-09                0.900000000000       9.99904140808         2   0   1 0.1448803377484E-004   0.8013704332052E+002  -0.1626916920458E-003
     0       2    2   1   0.695034800E-09                0.910000000000       9.99905860462         2   0   1 0.1448803233802E-004   0.8013703737796E+002  -0.1579437714507E-003
     0       2    2   1   0.695034800E-09                0.920000000000       9.99907677433         2   0   1 0.1448803042227E-004   0.8013702764713E+002  -0.1529269629862E-003
     0       2    2   1   0.695034800E-09                0.930000000000       9.99909601589         2   0   1 0.1448803353537E-004   0.8013705882317E+002  -0.1476138526420E-003
     0       2    2   1   0.695034800E-09                0.940000000000       9.99911645020         2   0   1 0.1448803353537E-004   0.8013706973741E+002  -0.1419712214647E-003
     0       2    2   1   0.695034800E-09                0.950000000000       9.99913822565         2   0   1 0.1448803425378E-004   0.8013707481570E+002  -0.1359580152882E-003

  TOTAL CPU =    42.47 SECS   LAST CYCLE =    0.38 SECS   NUSED =    2092
