  23Na-87Rb scattering length of Na|1,-1> + Rb|1,1>                               
  05 May 2021 14:03:23    NSTATE = 64   NQN =  5   NNRG =   1   NFIELD =    96
  JSTATE    -1  -1  -1  -1  -1  -1  -1  -1  -1  -1  -1  -1  -1  -1  -1
  JSTATE    -1  -1  -1  -1  -1  -1  -1  -1  -1  -1  -1  -1  -1  -1  -1
  JSTATE    -1  -1   1   1   1   1   1   1   1   1   1   1   1   1   1
  JSTATE     1   1   1   1   1   1   1   1   1   1   1   1   1   1   1
  JSTATE     1   1   1   1  -3  -3  -3  -3  -3  -3  -3  -3  -1  -1  -1
  JSTATE    -1  -1  -1  -1  -1   1   1   1   1   1   1   1   1   3   3
  JSTATE     3   3   3   3   3   3  -3  -3  -3  -3  -3  -3  -3  -3  -1
  JSTATE    -1  -1  -1  -1  -1  -1  -1   1   1   1   1   1   1   1   1
  JSTATE     3   3   3   3   3   3   3   3  -1  -1  -1  -1   1   1   1
  JSTATE     1  -1  -1  -1  -1   1   1   1   1  -1  -1  -1  -1   1   1
  JSTATE     1   1  -1  -1  -1  -1   1   1   1   1  -1  -1  -1  -1   1
  JSTATE     1   1   1  -1  -1  -1  -1   1   1   1   1  -1  -1  -1  -1
  JSTATE     1   1   1   1  -1  -1  -1  -1   1   1   1   1  -3  -1   1
  JSTATE     3  -3  -1   1   3  -3  -1   1   3  -3  -1   1   3  -3  -1
  JSTATE     1   3  -3  -1   1   3  -3  -1   1   3  -3  -1   1   3  -3
  JSTATE    -1   1   3  -3  -1   1   3  -3  -1   1   3  -3  -1   1   3
  JSTATE    -3  -1   1   3  -3  -1   1   3  -3  -1   1   3  -3  -1   1
  JSTATE     3   0   0   0   0   0   0   0   0   0   0   0   0   0   0
  JSTATE     0   0   0   0   0   0   0   0   0   0   0   0   0   0   0
  JSTATE     0   0   0   0   0   0   0   0   0   0   0   0   0   0   0
  JSTATE     0   0   0   0   0   0   0   0   0   0   0   0   0   0   0
  JSTATE     0   0   0   0   0

  JTOT  IBLOCK  NOP   I    ENERGY(I)/CM-1       MAGNETIC Z FIELD (GAUSS )   EIGENPHASE SUM/PI                                                SCATTERING LENGTH
                                                                                                 CHAN   L POW     WVEC*BOHR             RE(A)/BOHR             IM(A)/BOHR
     0       2    3   1   0.695034800E-09                 0.00000000000       9.99886618860         1   0   1 0.1448803616954E-004   0.8312880234299E+002  -0.9396385568826E-004
     0       2    3   1   0.695034800E-09                0.100000000000E-01   9.99896764143         1   0   1 0.1448803090121E-004   0.8285987466607E+002  -0.9640019051755E-004
     0       2    3   1   0.695034800E-09                0.200000000000E-01   9.99909259819         1   0   1 0.1448803161961E-004   0.8285984470081E+002  -0.8662831893988E-004
     0       2    3   1   0.695034800E-09                0.300000000000E-01   9.99932573460         1   0   1 0.1448803018280E-004   0.8285979918732E+002  -0.7584722176165E-004
     0       2    2   1   0.695034800E-09                0.400000000000E-01   9.99939512364         1   0   1 0.1448803042227E-004   0.8285976605236E+002  -0.6355366146361E-004
     0       2    2   1   0.695034800E-09                0.500000000000E-01   9.99944751386         1   0   1 0.1448803018280E-004   0.8285972252448E+002  -0.4860683031242E-004
     0       2    2   1   0.695034800E-09                0.600000000000E-01   9.99952361216         1   0   1 0.1448803018280E-004   0.8285968934711E+002  -0.2689536160494E-004
     0       2    1   1   0.695034800E-09                0.700000000000E-01   9.99961787753         1   0   1 0.1448803114068E-004   0.8285968659203E+002  -0.1280339464230E-011
     0       2    1   1   0.695034800E-09                0.800000000000E-01   9.99961787759         1   0   1 0.1448803138014E-004   0.8285967223107E+002  -0.4268158673550E-011
     0       2    1   1   0.695034800E-09                0.900000000000E-01   9.99961787767         1   0   1 0.1448803185908E-004   0.8285965246670E+002   0.9148789293142E-011
     0       2    1   1   0.695034800E-09                0.100000000000       9.99961787786         1   0   1 0.1448803066174E-004   0.8285961760801E+002  -0.5124544331984E-012
     0       2    1   1   0.695034800E-09                0.110000000000       9.99961787799         1   0   1 0.1448803066174E-004   0.8285959038309E+002  -0.1494494332579E-012
     0       2    1   1   0.695034800E-09                0.120000000000       9.99961787807         1   0   1 0.1448803114068E-004   0.8285956898302E+002   0.9568329736081E-011
     0       2    1   1   0.695034800E-09                0.130000000000       9.99961787825         1   0   1 0.1448803066174E-004   0.8285953374195E+002  -0.3717088764692E-011
     0       2    1   1   0.695034800E-09                0.140000000000       9.99961787832         1   0   1 0.1448803185908E-004   0.8285951233396E+002  -0.2916024945356E-011
     0       2    1   1   0.695034800E-09                0.150000000000       9.99961787848         1   0   1 0.1448803138014E-004   0.8285947920737E+002   0.2987424596302E-011
     0       2    1   1   0.695034800E-09                0.160000000000       9.99961787865         1   0   1 0.1448803090121E-004   0.8285944453701E+002  -0.3943199480200E-011
     0       2    1   1   0.695034800E-09                0.170000000000       9.99961787881         1   0   1 0.1448803090121E-004   0.8285941159008E+002   0.5868751256320E-011
     0       2    1   1   0.695034800E-09                0.180000000000       9.99961787892         1   0   1 0.1448803138014E-004   0.8285938496084E+002  -0.2502550732922E-011
     0       2    1   1   0.695034800E-09                0.190000000000       9.99961787907         1   0   1 0.1448803114068E-004   0.8285935289143E+002   0.6101892267491E-011
     0       2    1   1   0.695034800E-09                0.200000000000       9.99961787931         1   0   1 0.1448802994333E-004   0.8285930815529E+002  -0.1084834854308E-011
     0       2    1   1   0.695034800E-09                0.210000000000       9.99961787942         1   0   1 0.1448803090121E-004   0.8285927869346E+002  -0.3872238405728E-011
     0       2    1   1   0.695034800E-09                0.220000000000       9.99961787958         1   0   1 0.1448803018280E-004   0.8285924817965E+002  -0.1413185117954E-011
     0       2    1   1   0.695034800E-09                0.230000000000       9.99961787968         1   0   1 0.1448803114068E-004   0.8285921980206E+002  -0.6401858098040E-011
     0       2    1   1   0.695034800E-09                0.240000000000       9.99961787989         1   0   1 0.1448803042227E-004   0.8285917997992E+002  -0.7070807244277E-011
     0       2    1   1   0.695034800E-09                0.250000000000       9.99961787999         1   0   1 0.1448803114068E-004   0.8285915234228E+002  -0.6436907460299E-011
     0       2    1   1   0.695034800E-09                0.260000000000       9.99961788013         1   0   1 0.1448803138014E-004   0.8285912241725E+002   0.2896337180959E-011
     0       2    1   1   0.695034800E-09                0.270000000000       9.99961788039         1   0   1 0.1448802994333E-004   0.8285907243180E+002   0.5512046157828E-011
     0       2    1   1   0.695034800E-09                0.280000000000       9.99961788044         1   0   1 0.1448803138014E-004   0.8285905482877E+002   0.5848770879904E-012
     0       2    1   1   0.695034800E-09                0.290000000000       9.99961788064         1   0   1 0.1448803066174E-004   0.8285901458446E+002  -0.1918667633564E-011
     0       2    1   1   0.695034800E-09                0.300000000000       9.99961788077         1   0   1 0.1448803090121E-004   0.8285898454644E+002  -0.3223152853469E-011
     0       2    1   1   0.695034800E-09                0.310000000000       9.99961788093         1   0   1 0.1448803090121E-004   0.8285895073609E+002   0.3040086435805E-011
     0       2    1   1   0.695034800E-09                0.320000000000       9.99961788107         1   0   1 0.1448803138014E-004   0.8285891669039E+002  -0.2462561135943E-011
     0       2    1   1   0.695034800E-09                0.330000000000       9.99961788125         1   0   1 0.1448803090121E-004   0.8285888219522E+002  -0.1947402817589E-011
     0       2    1   1   0.695034800E-09                0.340000000000       9.99961788146         1   0   1 0.1448803042227E-004   0.8285883931264E+002  -0.3831167344063E-012
     0       2    1   1   0.695034800E-09                0.350000000000       9.99961788160         1   0   1 0.1448803066174E-004   0.8285880790022E+002  -0.6273719123228E-011
     0       2    1   1   0.695034800E-09                0.360000000000       9.99961788172         1   0   1 0.1448803114068E-004   0.8285877837727E+002  -0.3762193867807E-011
     0       2    1   1   0.695034800E-09                0.370000000000       9.99961788196         1   0   1 0.1448803042227E-004   0.8285873112316E+002   0.7554190299378E-011
     0       2    1   1   0.695034800E-09                0.380000000000       9.99961788208         1   0   1 0.1448803090121E-004   0.8285870050102E+002   0.7129665969730E-011
     0       2    1   1   0.695034800E-09                0.390000000000       9.99961788225         1   0   1 0.1448803066174E-004   0.8285866655495E+002   0.1265664960737E-011
     0       2    1   1   0.695034800E-09                0.400000000000       9.99961788241         1   0   1 0.1448803066174E-004   0.8285863146373E+002  -0.2184081057381E-011
     0       2    1   1   0.695034800E-09                0.410000000000       9.99961788263         1   0   1 0.1448802994333E-004   0.8285858837706E+002   0.7074724588056E-011
     0       2    1   1   0.695034800E-09                0.420000000000       9.99961788272         1   0   1 0.1448803114068E-004   0.8285856229829E+002  -0.2664263094571E-011
     0       2    1   1   0.695034800E-09                0.430000000000       9.99961788286         1   0   1 0.1448803138014E-004   0.8285852868156E+002   0.2165781615959E-011
     0       2    1   1   0.695034800E-09                0.440000000000       9.99961788307         1   0   1 0.1448803090121E-004   0.8285848710677E+002   0.2253916657496E-011
     0       2    1   1   0.695034800E-09                0.450000000000       9.99961788320         1   0   1 0.1448803138014E-004   0.8285845584726E+002   0.4351104931905E-011
     0       2    1   1   0.695034800E-09                0.460000000000       9.99961788343         1   0   1 0.1448803018280E-004   0.8285841300680E+002   0.5836420774000E-011
     0       2    1   1   0.695034800E-09                0.470000000000       9.99961788356         1   0   1 0.1448803066174E-004   0.8285838160209E+002  -0.3436182294493E-011
     0       2    1   1   0.695034800E-09                0.480000000000       9.99961788375         1   0   1 0.1448803090121E-004   0.8285833919428E+002  -0.9646467464600E-012
     0       2    1   1   0.695034800E-09                0.490000000000       9.99961788396         1   0   1 0.1448802994333E-004   0.8285829892987E+002   0.2199939614887E-011
     0       2    1   1   0.695034800E-09                0.500000000000       9.99961788415         1   0   1 0.1448802994333E-004   0.8285825823118E+002   0.7786308550789E-011
     0       2    1   1   0.695034800E-09                0.510000000000       9.99961788416         1   0   1 0.1448803161961E-004   0.8285824578749E+002  -0.4700677657924E-012
     0       2    1   1   0.695034800E-09                0.520000000000       9.99961788445         1   0   1 0.1448803018280E-004   0.8285819123203E+002  -0.2491705806918E-011
     0       2    1   1   0.695034800E-09                0.530000000000       9.99961788454         1   0   1 0.1448803138014E-004   0.8285816520561E+002  -0.9015827108837E-011
     0       2    1   1   0.695034800E-09                0.540000000000       9.99961788474         1   0   1 0.1448803090121E-004   0.8285812543488E+002   0.9583179832785E-012
     0       2    1   1   0.695034800E-09                0.550000000000       9.99961788492         1   0   1 0.1448803114068E-004   0.8285808502259E+002  -0.2298802605021E-011
     0       2    1   1   0.695034800E-09                0.560000000000       9.99961788503         1   0   1 0.1448803185908E-004   0.8285805545339E+002  -0.1004830672208E-010
     0       2    1   1   0.695034800E-09                0.570000000000       9.99961788525         1   0   1 0.1448803090121E-004   0.8285801459453E+002  -0.8343838455300E-011
     0       2    1   1   0.695034800E-09                0.580000000000       9.99961788545         1   0   1 0.1448803066174E-004   0.8285797288311E+002  -0.5397996600622E-011
     0       2    1   1   0.695034800E-09                0.590000000000       9.99961788562         1   0   1 0.1448803066174E-004   0.8285793448946E+002   0.1984483848523E-011
     0       2    1   1   0.695034800E-09                0.600000000000       9.99961788579         1   0   1 0.1448803066174E-004   0.8285789772503E+002  -0.2475481874091E-011
     0       2    1   1   0.695034800E-09                0.610000000000       9.99961788597         1   0   1 0.1448803066174E-004   0.8285785908096E+002   0.1460453478783E-011
     0       2    1   1   0.695034800E-09                0.620000000000       9.99961788613         1   0   1 0.1448803090121E-004   0.8285782411724E+002  -0.8562772736353E-011
     0       2    1   1   0.695034800E-09                0.630000000000       9.99961788632         1   0   1 0.1448803066174E-004   0.8285778394068E+002   0.1390179358969E-011
     0       2    1   1   0.695034800E-09                0.640000000000       9.99961788650         1   0   1 0.1448803066174E-004   0.8285774504209E+002  -0.7883475874454E-011
     0       2    1   1   0.695034800E-09                0.650000000000       9.99961788661         1   0   1 0.1448803138014E-004   0.8285771545636E+002   0.6200009916826E-011
     0       2    1   1   0.695034800E-09                0.660000000000       9.99961788677         1   0   1 0.1448803161961E-004   0.8285768013823E+002   0.3655408659116E-011
     0       2    1   1   0.695034800E-09                0.670000000000       9.99961788703         1   0   1 0.1448803066174E-004   0.8285762845518E+002  -0.3971467046982E-011
     0       2    1   1   0.695034800E-09                0.680000000000       9.99961788725         1   0   1 0.1448802994333E-004   0.8285758644864E+002  -0.5367493104702E-011
     0       2    1   1   0.695034800E-09                0.690000000000       9.99961788738         1   0   1 0.1448803066174E-004   0.8285755334958E+002   0.3081464612758E-011
     0       2    1   1   0.695034800E-09                0.700000000000       9.99961788756         1   0   1 0.1448803090121E-004   0.8285751412804E+002   0.8653494752676E-011
     0       2    1   1   0.695034800E-09                0.710000000000       9.99961788767         1   0   1 0.1448803161961E-004   0.8285748447354E+002  -0.4298866988187E-011
     0       2    1   1   0.695034800E-09                0.720000000000       9.99961788792         1   0   1 0.1448803066174E-004   0.8285743620790E+002   0.9087227113989E-011
     0       2    1   1   0.695034800E-09                0.730000000000       9.99961788810         1   0   1 0.1448803066174E-004   0.8285739822346E+002   0.3335068242730E-011
     0       2    1   1   0.695034800E-09                0.740000000000       9.99961788830         1   0   1 0.1448803042227E-004   0.8285735542662E+002   0.6542684362990E-011
     0       2    1   1   0.695034800E-09                0.750000000000       9.99961788841         1   0   1 0.1448803185908E-004   0.8285732420342E+002   0.7244533273304E-011
     0       2    1   1   0.695034800E-09                0.760000000000       9.99961788859         1   0   1 0.1448803138014E-004   0.8285728688968E+002   0.1352542882058E-011
     0       2    1   1   0.695034800E-09                0.770000000000       9.99961788886         1   0   1 0.1448803042227E-004   0.8285723488138E+002   0.1052052408725E-010
     0       2    1   1   0.695034800E-09                0.780000000000       9.99961788899         1   0   1 0.1448803138014E-004   0.8285720032047E+002  -0.3186758705808E-011
     0       2    1   1   0.695034800E-09                0.790000000000       9.99961788921         1   0   1 0.1448803042227E-004   0.8285715719827E+002   0.6583916329561E-011
     0       2    1   1   0.695034800E-09                0.800000000000       9.99961788933         1   0   1 0.1448803138014E-004   0.8285712601430E+002   0.8354171748576E-011
     0       2    1   1   0.695034800E-09                0.810000000000       9.99961788965         1   0   1 0.1448802970386E-004   0.8285706581772E+002  -0.1028864046072E-010
     0       2    1   1   0.695034800E-09                0.820000000000       9.99961788981         1   0   1 0.1448803018280E-004   0.8285702968261E+002  -0.3642342244348E-011
     0       2    1   1   0.695034800E-09                0.830000000000       9.99961788996         1   0   1 0.1448803066174E-004   0.8285699391190E+002   0.4319432099067E-011
     0       2    1   1   0.695034800E-09                0.840000000000       9.99961789018         1   0   1 0.1448803066174E-004   0.8285694663656E+002  -0.7689608169541E-011
     0       2    1   1   0.695034800E-09                0.850000000000       9.99961789032         1   0   1 0.1448803114068E-004   0.8285691291718E+002  -0.9709813400248E-011
     0       2    1   1   0.695034800E-09                0.860000000000       9.99961789058         1   0   1 0.1448803042227E-004   0.8285686153334E+002   0.5691195289424E-011
     0       2    1   1   0.695034800E-09                0.870000000000       9.99961789070         1   0   1 0.1448803161961E-004   0.8285682853938E+002  -0.7686538284231E-011
     0       2    1   1   0.695034800E-09                0.880000000000       9.99961789096         1   0   1 0.1448803066174E-004   0.8285677686567E+002  -0.6677985321221E-011
     0       2    1   1   0.695034800E-09                0.890000000000       9.99961789119         1   0   1 0.1448803042227E-004   0.8285672836791E+002  -0.3545802964292E-011
     0       2    1   1   0.695034800E-09                0.900000000000       9.99961789131         1   0   1 0.1448803185908E-004   0.8285669426352E+002  -0.7848192005125E-011
     0       2    1   1   0.695034800E-09                0.910000000000       9.99961789153         1   0   1 0.1448803233802E-004   0.8285664482773E+002   0.5651672657093E-011
     0       2    1   1   0.695034800E-09                0.920000000000       9.99961789188         1   0   1 0.1448803066174E-004   0.8285657697072E+002  -0.4504208601292E-011
     0       2    2   1   0.695034800E-09                0.930000000000       9.99954045307         1   0   1 0.1448803042227E-004   0.8285650645147E+002  -0.2211570658568E-004
     0       2    2   1   0.695034800E-09                0.940000000000       9.99945653299         1   0   1 0.1448803066174E-004   0.8285647415918E+002  -0.4608280733195E-004
     0       2    2   1   0.695034800E-09                0.950000000000       9.99940217886         1   0   1 0.1448803114068E-004   0.8285643986874E+002  -0.6160659836787E-004

  TOTAL CPU =    43.19 SECS   LAST CYCLE =    0.42 SECS   NUSED =    2092
