  23Na-87Rb scattering length of Na|1,0> + Rb|1,-1>                               
  05 May 2021 14:18:51    NSTATE = 64   NQN =  5   NNRG =   1   NFIELD =   164
  JSTATE    -1  -1  -1  -1  -1  -1  -1  -1  -1  -1  -1  -1  -1  -1  -1
  JSTATE    -1  -1  -1  -1  -1  -1  -1  -1  -1  -1  -1  -1  -1  -1  -1
  JSTATE    -1  -1   1   1   1   1   1   1   1   1   1   1   1   1   1
  JSTATE     1   1   1   1   1   1   1   1   1   1   1   1   1   1   1
  JSTATE     1   1   1   1  -3  -3  -3  -3  -3  -3  -3  -3  -1  -1  -1
  JSTATE    -1  -1  -1  -1  -1   1   1   1   1   1   1   1   1   3   3
  JSTATE     3   3   3   3   3   3  -3  -3  -3  -3  -3  -3  -3  -3  -1
  JSTATE    -1  -1  -1  -1  -1  -1  -1   1   1   1   1   1   1   1   1
  JSTATE     3   3   3   3   3   3   3   3  -1  -1  -1  -1   1   1   1
  JSTATE     1  -1  -1  -1  -1   1   1   1   1  -1  -1  -1  -1   1   1
  JSTATE     1   1  -1  -1  -1  -1   1   1   1   1  -1  -1  -1  -1   1
  JSTATE     1   1   1  -1  -1  -1  -1   1   1   1   1  -1  -1  -1  -1
  JSTATE     1   1   1   1  -1  -1  -1  -1   1   1   1   1  -3  -1   1
  JSTATE     3  -3  -1   1   3  -3  -1   1   3  -3  -1   1   3  -3  -1
  JSTATE     1   3  -3  -1   1   3  -3  -1   1   3  -3  -1   1   3  -3
  JSTATE    -1   1   3  -3  -1   1   3  -3  -1   1   3  -3  -1   1   3
  JSTATE    -3  -1   1   3  -3  -1   1   3  -3  -1   1   3  -3  -1   1
  JSTATE     3   0   0   0   0   0   0   0   0   0   0   0   0   0   0
  JSTATE     0   0   0   0   0   0   0   0   0   0   0   0   0   0   0
  JSTATE     0   0   0   0   0   0   0   0   0   0   0   0   0   0   0
  JSTATE     0   0   0   0   0   0   0   0   0   0   0   0   0   0   0
  JSTATE     0   0   0   0   0

  JTOT  IBLOCK  NOP   I    ENERGY(I)/CM-1       MAGNETIC Z FIELD (GAUSS )   EIGENPHASE SUM/PI                                                SCATTERING LENGTH
                                                                                                 CHAN   L POW     WVEC*BOHR             RE(A)/BOHR             IM(A)/BOHR
    -2       2    2   1   0.695034800E-09                 0.00000000000       9.99926063437         2   0   1 0.1448803114068E-004   0.8016224095861E+002  -0.1074601877512E-003
    -2       2    2   1   0.695034800E-09                0.100000000000E-01   9.99923131777         2   0   1 0.1448803353537E-004   0.8016233342332E+002  -0.1159824286745E-003
    -2       2    2   1   0.695034800E-09                0.200000000000E-01   9.99920432866         2   0   1 0.1448803401431E-004   0.8016238564943E+002  -0.1238284015823E-003
    -2       2    2   1   0.695034800E-09                0.300000000000E-01   9.99917924886         2   0   1 0.1448803449325E-004   0.8016246955845E+002  -0.1311194178500E-003
    -2       2    2   1   0.695034800E-09                0.400000000000E-01   9.99915577597         2   0   1 0.1448803257749E-004   0.8016249931481E+002  -0.1379435287785E-003
    -2       2    2   1   0.695034800E-09                0.500000000000E-01   9.99913368146         2   0   1 0.1448803138014E-004   0.8016255401370E+002  -0.1443669528470E-003
    -2       2    2   1   0.695034800E-09                0.600000000000E-01   9.99911278908         2   0   1 0.1448803305643E-004   0.8016261762134E+002  -0.1504410278605E-003
    -2       2    2   1   0.695034800E-09                0.700000000000E-01   9.99909295853         2   0   1 0.1448803401431E-004   0.8016264094394E+002  -0.1562065093123E-003
    -2       2    2   1   0.695034800E-09                0.800000000000E-01   9.99907407636         2   0   1 0.1448803329590E-004   0.8016268125267E+002  -0.1616964342318E-003
    -2       2    2   1   0.695034800E-09                0.900000000000E-01   9.99905604852         2   0   1 0.1448803329590E-004   0.8016275893789E+002  -0.1669379582859E-003
    -2       2    2   1   0.695034800E-09                0.100000000000       9.99903879745         2   0   1 0.1448803305643E-004   0.8016277906159E+002  -0.1719538575852E-003
    -2       2    2   1   0.695034800E-09                0.110000000000       9.99902225670         2   0   1 0.1448803329590E-004   0.8016283120643E+002  -0.1767632897049E-003
    -2       2    2   1   0.695034800E-09                0.120000000000       9.99900636961         2   0   1 0.1448803281696E-004   0.8016290701332E+002  -0.1813827057977E-003
    -2       2    2   1   0.695034800E-09                0.130000000000       9.99899108781         2   0   1 0.1448803138014E-004   0.8016295497496E+002  -0.1858262815607E-003
    -2       2    2   1   0.695034800E-09                0.140000000000       9.99897636857         2   0   1 0.1448803138014E-004   0.8016300273648E+002  -0.1901063544963E-003
    -2       2    2   1   0.695034800E-09                0.150000000000       9.99896217462         2   0   1 0.1448803401431E-004   0.8016308429381E+002  -0.1942337049660E-003
    -2       2    2   1   0.695034800E-09                0.160000000000       9.99894847371         2   0   1 0.1448803138014E-004   0.8016308206620E+002  -0.1982179309927E-003
    -2       2    2   1   0.695034800E-09                0.170000000000       9.99893523561         2   0   1 0.1448803305643E-004   0.8016318899029E+002  -0.2020674563533E-003
    -2       2    2   1   0.695034800E-09                0.180000000000       9.99892243549         2   0   1 0.1448803209855E-004   0.8016321886488E+002  -0.2057898577925E-003
    -2       2    2   1   0.695034800E-09                0.190000000000       9.99891004918         2   0   1 0.1448803114068E-004   0.8016329369383E+002  -0.2093919380106E-003
    -2       2    2   1   0.695034800E-09                0.200000000000       9.99889805593         2   0   1 0.1448803209855E-004   0.8016336402937E+002  -0.2128797874499E-003
    -2       2    2   1   0.695034800E-09                0.210000000000       9.99888643698         2   0   1 0.1448803305643E-004   0.8016339388838E+002  -0.2162589067059E-003
    -2       2    2   1   0.695034800E-09                0.220000000000       9.99887517451         2   0   1 0.1448803353537E-004   0.8016346413480E+002  -0.2195343825326E-003
    -2       2    2   1   0.695034800E-09                0.230000000000       9.99886425331         2   0   1 0.1448803329590E-004   0.8016350983584E+002  -0.2227107403635E-003
    -2       2    2   1   0.695034800E-09                0.240000000000       9.99885365890         2   0   1 0.1448803209855E-004   0.8016350813559E+002  -0.2257922046734E-003
    -2       2    2   1   0.695034800E-09                0.250000000000       9.99884337740         2   0   1 0.1448803329590E-004   0.8016357749741E+002  -0.2287822520393E-003
    -2       2    2   1   0.695034800E-09                0.260000000000       9.99883339753         2   0   1 0.1448803281696E-004   0.8016361260826E+002  -0.2316854081456E-003
    -2       2    2   1   0.695034800E-09                0.270000000000       9.99882370750         2   0   1 0.1448803329590E-004   0.8016367186210E+002  -0.2345039426772E-003
    -2       2    2   1   0.695034800E-09                0.280000000000       9.99881429706         2   0   1 0.1448803257749E-004   0.8016375583472E+002  -0.2372412022561E-003
    -2       2    2   1   0.695034800E-09                0.290000000000       9.99880515704         2   0   1 0.1448803353537E-004   0.8016378553676E+002  -0.2398999419369E-003
    -2       2    2   1   0.695034800E-09                0.300000000000       9.99879627816         2   0   1 0.1448803042227E-004   0.8016384471443E+002  -0.2424827868044E-003
    -2       2    2   1   0.695034800E-09                0.310000000000       9.99878765207         2   0   1 0.1448803281696E-004   0.8016390616082E+002  -0.2449921013319E-003
    -2       2    2   1   0.695034800E-09                0.320000000000       9.99877927146         2   0   1 0.1448803209855E-004   0.8016395625795E+002  -0.2474301518923E-003
    -2       2    2   1   0.695034800E-09                0.330000000000       9.99877112874         2   0   1 0.1448803305643E-004   0.8016401759684E+002  -0.2497990137579E-003
    -2       2    2   1   0.695034800E-09                0.340000000000       9.99876321734         2   0   1 0.1448803185908E-004   0.8016401309745E+002  -0.2521009818106E-003
    -2       2    2   1   0.695034800E-09                0.350000000000       9.99875553119         2   0   1 0.1448803353537E-004   0.8016413132315E+002  -0.2543368644751E-003
    -2       2    2   1   0.695034800E-09                0.360000000000       9.99874806431         2   0   1 0.1448803209855E-004   0.8016413605538E+002  -0.2565094181451E-003
    -2       2    2   1   0.695034800E-09                0.370000000000       9.99874081063         2   0   1 0.1448803281696E-004   0.8016422927483E+002  -0.2586198688902E-003
    -2       2    2   1   0.695034800E-09                0.380000000000       9.99873376561         2   0   1 0.1448803353537E-004   0.8016428836347E+002  -0.2606697489081E-003
    -2       2    2   1   0.695034800E-09                0.390000000000       9.99872692391         2   0   1 0.1448803353537E-004   0.8016429418207E+002  -0.2626605309960E-003
    -2       2    2   1   0.695034800E-09                0.400000000000       9.99872028135         2   0   1 0.1448803185908E-004   0.8016432412497E+002  -0.2645928582661E-003
    -2       2    2   1   0.695034800E-09                0.410000000000       9.99871383377         2   0   1 0.1448803281696E-004   0.8016440876309E+002  -0.2664697453633E-003
    -2       2    2   1   0.695034800E-09                0.420000000000       9.99870757623         2   0   1 0.1448803305643E-004   0.8016446228650E+002  -0.2682907242556E-003
    -2       2    2   1   0.695034800E-09                0.430000000000       9.99870150525         2   0   1 0.1448803329590E-004   0.8016454322284E+002  -0.2700574905996E-003
    -2       2    2   1   0.695034800E-09                0.440000000000       9.99869561718         2   0   1 0.1448803329590E-004   0.8016454667230E+002  -0.2717712999331E-003
    -2       2    2   1   0.695034800E-09                0.450000000000       9.99868990906         2   0   1 0.1448803281696E-004   0.8016463904964E+002  -0.2734324357574E-003
    -2       2    2   1   0.695034800E-09                0.460000000000       9.99868437717         2   0   1 0.1448803281696E-004   0.8016469139136E+002  -0.2750425836055E-003
    -2       2    2   1   0.695034800E-09                0.470000000000       9.99867901812         2   0   1 0.1448803329590E-004   0.8016477967772E+002  -0.2766023912475E-003
    -2       2    2   1   0.695034800E-09                0.480000000000       9.99867382952         2   0   1 0.1448803353537E-004   0.8016482092089E+002  -0.2781127350164E-003
    -2       2    2   1   0.695034800E-09                0.490000000000       9.99866880845         2   0   1 0.1448803305643E-004   0.8016485071664E+002  -0.2795743856754E-003
    -2       2    2   1   0.695034800E-09                0.500000000000       9.99866395243         2   0   1 0.1448803281696E-004   0.8016487880058E+002  -0.2809881088083E-003
    -2       2    2   1   0.695034800E-09                0.510000000000       9.99865925845         2   0   1 0.1448803377484E-004   0.8016496212912E+002  -0.2823546250510E-003
    -2       2    2   1   0.695034800E-09                0.520000000000       9.99865472486         2   0   1 0.1448803185908E-004   0.8016497106646E+002  -0.2836746184733E-003
    -2       2    2   1   0.695034800E-09                0.530000000000       9.99865034866         2   0   1 0.1448803257749E-004   0.8016506457966E+002  -0.2849487793969E-003
    -2       2    2   1   0.695034800E-09                0.540000000000       9.99864612820         2   0   1 0.1448803329590E-004   0.8016513263806E+002  -0.2861776588846E-003
    -2       2    2   1   0.695034800E-09                0.550000000000       9.99864206162         2   0   1 0.1448803257749E-004   0.8016513940954E+002  -0.2873614048931E-003
    -2       2    2   1   0.695034800E-09                0.560000000000       9.99863814674         2   0   1 0.1448803377484E-004   0.8016519806530E+002  -0.2885019951426E-003
    -2       2    2   1   0.695034800E-09                0.570000000000       9.99863438126         2   0   1 0.1448803257749E-004   0.8016524387200E+002  -0.2895983283002E-003
    -2       2    2   1   0.695034800E-09                0.580000000000       9.99863076510         2   0   1 0.1448803209855E-004   0.8016532179696E+002  -0.2906519190517E-003
    -2       2    2   1   0.695034800E-09                0.590000000000       9.99862729459         2   0   1 0.1448803401431E-004   0.8016535364107E+002  -0.2916628916104E-003
    -2       2    2   1   0.695034800E-09                0.600000000000       9.99862396978         2   0   1 0.1448803305643E-004   0.8016538090750E+002  -0.2926311196031E-003
    -2       2    2   1   0.695034800E-09                0.610000000000       9.99862078893         2   0   1 0.1448803305643E-004   0.8016545535821E+002  -0.2935581359027E-003
    -2       2    2   1   0.695034800E-09                0.620000000000       9.99861774986         2   0   1 0.1448803233802E-004   0.8016553339322E+002  -0.2944436134494E-003
    -2       2    2   1   0.695034800E-09                0.630000000000       9.99861485193         2   0   1 0.1448803401431E-004   0.8016558801968E+002  -0.2952880769649E-003
    -2       2    2   1   0.695034800E-09                0.640000000000       9.99861209378         2   0   1 0.1448803209855E-004   0.8016565384875E+002  -0.2960919152846E-003
    -2       2    2   1   0.695034800E-09                0.650000000000       9.99860947426         2   0   1 0.1448803185908E-004   0.8016568608557E+002  -0.2968554281403E-003
    -2       2    2   1   0.695034800E-09                0.660000000000       9.99860699236         2   0   1 0.1448803353537E-004   0.8016576752814E+002  -0.2975789470969E-003
    -2       2    2   1   0.695034800E-09                0.670000000000       9.99860464718         2   0   1 0.1448803209855E-004   0.8016577944559E+002  -0.2982627783351E-003
    -2       2    2   1   0.695034800E-09                0.680000000000       9.99860243733         2   0   1 0.1448803209855E-004   0.8016585418974E+002  -0.2989071497154E-003
    -2       2    2   1   0.695034800E-09                0.690000000000       9.99860036219         2   0   1 0.1448803377484E-004   0.8016592682656E+002  -0.2995123752931E-003
    -2       2    2   1   0.695034800E-09                0.700000000000       9.99859842139         2   0   1 0.1448803209855E-004   0.8016591860229E+002  -0.3000786540927E-003
    -2       2    2   1   0.695034800E-09                0.710000000000       9.99859661366         2   0   1 0.1448802850651E-004   0.8016594135791E+002  -0.3006062465905E-003
    -2       2    2   1   0.695034800E-09                0.720000000000       9.99859493775         2   0   1 0.1448803161961E-004   0.8016603662693E+002  -0.3010952895926E-003
    -2       2    2   1   0.695034800E-09                0.730000000000       9.99859339382         2   0   1 0.1448803329590E-004   0.8016612261213E+002  -0.3015460401996E-003
    -2       2    2   1   0.695034800E-09                0.740000000000       9.99859198157         2   0   1 0.1448803329590E-004   0.8016616162535E+002  -0.3019586498084E-003
    -2       2    2   1   0.695034800E-09                0.750000000000       9.99859069936         2   0   1 0.1448803449325E-004   0.8016622966861E+002  -0.3023332548079E-003
    -2       2    2   1   0.695034800E-09                0.760000000000       9.99858954789         2   0   1 0.1448803233802E-004   0.8016623174657E+002  -0.3026700384782E-003
    -2       2    2   1   0.695034800E-09                0.770000000000       9.99858852563         2   0   1 0.1448803353537E-004   0.8016632085977E+002  -0.3029691089290E-003
    -2       2    2   1   0.695034800E-09                0.780000000000       9.99858763259         2   0   1 0.1448803401431E-004   0.8016639115849E+002  -0.3032305625899E-003
    -2       2    2   1   0.695034800E-09                0.790000000000       9.99858686902         2   0   1 0.1448803353537E-004   0.8016643462970E+002  -0.3034545323756E-003
    -2       2    2   1   0.695034800E-09                0.800000000000       9.99858623358         2   0   1 0.1448803329590E-004   0.8016642748485E+002  -0.3036411291372E-003
    -2       2    2   1   0.695034800E-09                0.810000000000       9.99858572707         2   0   1 0.1448803281696E-004   0.8016652348360E+002  -0.3037902865097E-003
    -2       2    2   1   0.695034800E-09                0.820000000000       9.99858534880         2   0   1 0.1448803018280E-004   0.8016655569729E+002  -0.3039021869458E-003
    -2       2    2   1   0.695034800E-09                0.830000000000       9.99858509845         2   0   1 0.1448802946439E-004   0.8016659670658E+002  -0.3039768541158E-003
    -2       2    2   1   0.695034800E-09                0.840000000000       9.99858497570         2   0   1 0.1448803281696E-004   0.8016669400379E+002  -0.3040143083935E-003
    -2       2    2   1   0.695034800E-09                0.850000000000       9.99858498124         2   0   1 0.1448803209855E-004   0.8016669833532E+002  -0.3040145685082E-003
    -2       2    2   1   0.695034800E-09                0.860000000000       9.99858511455         2   0   1 0.1448803114068E-004   0.8016676944420E+002  -0.3039776166656E-003
    -2       2    2   1   0.695034800E-09                0.870000000000       9.99858537577         2   0   1 0.1448803257749E-004   0.8016681732503E+002  -0.3039034676116E-003
    -2       2    2   1   0.695034800E-09                0.880000000000       9.99858576488         2   0   1 0.1448803066174E-004   0.8016688774116E+002  -0.3037920864191E-003
    -2       2    2   1   0.695034800E-09                0.890000000000       9.99858628229         2   0   1 0.1448803377484E-004   0.8016695120967E+002  -0.3036434106970E-003
    -2       2    2   1   0.695034800E-09                0.900000000000       9.99858692815         2   0   1 0.1448803233802E-004   0.8016699904613E+002  -0.3034574368992E-003
    -2       2    2   1   0.695034800E-09                0.910000000000       9.99858770229         2   0   1 0.1448803281696E-004   0.8016706478923E+002  -0.3032340619483E-003
    -2       2    2   1   0.695034800E-09                0.920000000000       9.99858860541         2   0   1 0.1448803353537E-004   0.8016711499733E+002  -0.3029731903305E-003
    -2       2    2   1   0.695034800E-09                0.930000000000       9.99858963760         2   0   1 0.1448803425378E-004   0.8016721003982E+002  -0.3026747633956E-003
    -2       2    2   1   0.695034800E-09                0.940000000000       9.99859079993         2   0   1 0.1448803161961E-004   0.8016716495153E+002  -0.3023386716923E-003
    -2       2    2   1   0.695034800E-09                0.950000000000       9.99859209133         2   0   1 0.1448803209855E-004   0.8016728997983E+002  -0.3019647834491E-003
    -2       2    2   1   0.695034800E-09                0.960000000000       9.99859351420         2   0   1 0.1448802802757E-004   0.8016723695849E+002  -0.3015529554145E-003
    -2       2    2   1   0.695034800E-09                0.970000000000       9.99859506654         2   0   1 0.1448803353537E-004   0.8016740378340E+002  -0.3011029973128E-003
    -2       2    2   1   0.695034800E-09                0.980000000000       9.99859675154         2   0   1 0.1448803281696E-004   0.8016742679595E+002  -0.3006148069598E-003
    -2       2    2   1   0.695034800E-09                0.990000000000       9.99859856827         2   0   1 0.1448803305643E-004   0.8016749027063E+002  -0.3000881650556E-003
    -2       2    2   1   0.695034800E-09                 1.00000000000       9.99860051795         2   0   1 0.1448803257749E-004   0.8016754266345E+002  -0.2995228802709E-003
    -2       2    2   1   0.695034800E-09                 1.01000000000       9.99860260128         2   0   1 0.1448803305643E-004   0.8016757258476E+002  -0.2989187330371E-003
    -2       2    2   1   0.695034800E-09                 1.02000000000       9.99860481912         2   0   1 0.1448803353537E-004   0.8016762492681E+002  -0.2982754695614E-003
    -2       2    2   1   0.695034800E-09                 1.03000000000       9.99860717210         2   0   1 0.1448803042227E-004   0.8016764803314E+002  -0.2975928727927E-003
    -2       2    2   1   0.695034800E-09                 1.04000000000       9.99860966116         2   0   1 0.1448803233802E-004   0.8016774978829E+002  -0.2968706506210E-003
    -2       2    2   1   0.695034800E-09                 1.05000000000       9.99861228709         2   0   1 0.1448803425378E-004   0.8016774435681E+002  -0.2961088494135E-003
    -2       2    2   1   0.695034800E-09                 1.06000000000       9.99861505193         2   0   1 0.1448803281696E-004   0.8016784541091E+002  -0.2953061645278E-003
    -2       2    2   1   0.695034800E-09                 1.07000000000       9.99861795610         2   0   1 0.1448803329590E-004   0.8016786391666E+002  -0.2944632855710E-003
    -2       2    2   1   0.695034800E-09                 1.08000000000       9.99862100011         2   0   1 0.1448803257749E-004   0.8016797927436E+002  -0.2935794951662E-003
    -2       2    2   1   0.695034800E-09                 1.09000000000       9.99862418649         2   0   1 0.1448803257749E-004   0.8016799576933E+002  -0.2926544693683E-003
    -2       2    2   1   0.695034800E-09                 1.10000000000       9.99862751579         2   0   1 0.1448803233802E-004   0.8016807285302E+002  -0.2916877843561E-003
    -2       2    2   1   0.695034800E-09                 1.11000000000       9.99863098971         2   0   1 0.1448803353537E-004   0.8016811394332E+002  -0.2906790525185E-003
    -2       2    2   1   0.695034800E-09                 1.12000000000       9.99863460973         2   0   1 0.1448803329590E-004   0.8016815054802E+002  -0.2896278259686E-003
    -2       2    2   1   0.695034800E-09                 1.13000000000       9.99863837703         2   0   1 0.1448803233802E-004   0.8016813869966E+002  -0.2885339455289E-003
    -2       2    2   1   0.695034800E-09                 1.14000000000       9.99864229456         2   0   1 0.1448802994333E-004   0.8016819750464E+002  -0.2873959805094E-003
    -2       2    2   1   0.695034800E-09                 1.15000000000       9.99864636234         2   0   1 0.1448803233802E-004   0.8016827555151E+002  -0.2862143666140E-003
    -2       2    2   1   0.695034800E-09                 1.16000000000       9.99865058336         2   0   1 0.1448803042227E-004   0.8016833292666E+002  -0.2849882439234E-003
    -2       2    2   1   0.695034800E-09                 1.17000000000       9.99865495885         2   0   1 0.1448803305643E-004   0.8016836079442E+002  -0.2837166955722E-003
    -2       2    2   1   0.695034800E-09                 1.18000000000       9.99865949197         2   0   1 0.1448803401431E-004   0.8016848031863E+002  -0.2824001383992E-003
    -2       2    2   1   0.695034800E-09                 1.19000000000       9.99866418433         2   0   1 0.1448803329590E-004   0.8016850343269E+002  -0.2810369182289E-003
    -2       2    2   1   0.695034800E-09                 1.20000000000       9.99866903770         2   0   1 0.1448803281696E-004   0.8016859172067E+002  -0.2796266770963E-003
    -2       2    2   1   0.695034800E-09                 1.21000000000       9.99867405518         2   0   1 0.1448803329590E-004   0.8016858048956E+002  -0.2781682731288E-003
    -2       2    2   1   0.695034800E-09                 1.22000000000       9.99867923949         2   0   1 0.1448803305643E-004   0.8016872113012E+002  -0.2766622938947E-003
    -2       2    2   1   0.695034800E-09                 1.23000000000       9.99868459328         2   0   1 0.1448803090121E-004   0.8016872180626E+002  -0.2751065962337E-003
    -2       2    2   1   0.695034800E-09                 1.24000000000       9.99869011889         2   0   1 0.1448803233802E-004   0.8016877853134E+002  -0.2735008137057E-003
    -2       2    2   1   0.695034800E-09                 1.25000000000       9.99869581971         2   0   1 0.1448803305643E-004   0.8016883788171E+002  -0.2718440259823E-003
    -2       2    2   1   0.695034800E-09                 1.26000000000       9.99870169922         2   0   1 0.1448803138014E-004   0.8016884283728E+002  -0.2701353206939E-003
    -2       2    2   1   0.695034800E-09                 1.27000000000       9.99870776017         2   0   1 0.1448803138014E-004   0.8016892665521E+002  -0.2683736922506E-003
    -2       2    2   1   0.695034800E-09                 1.28000000000       9.99871400664         2   0   1 0.1448803018280E-004   0.8016890594534E+002  -0.2665584597195E-003
    -2       2    2   1   0.695034800E-09                 1.29000000000       9.99872044278         2   0   1 0.1448802850651E-004   0.8016896986666E+002  -0.2646874583115E-003
    -2       2    2   1   0.695034800E-09                 1.30000000000       9.99872707137         2   0   1 0.1448803353537E-004   0.8016909491382E+002  -0.2627605470364E-003
    -2       2    2   1   0.695034800E-09                 1.31000000000       9.99873389802         2   0   1 0.1448803257749E-004   0.8016913827377E+002  -0.2607761643220E-003
    -2       2    2   1   0.695034800E-09                 1.32000000000       9.99874092663         2   0   1 0.1448803353537E-004   0.8016917278988E+002  -0.2587329667046E-003
    -2       2    2   1   0.695034800E-09                 1.33000000000       9.99874816192         2   0   1 0.1448803377484E-004   0.8016926755014E+002  -0.2566295701420E-003
    -2       2    2   1   0.695034800E-09                 1.34000000000       9.99875560964         2   0   1 0.1448803233802E-004   0.8016929291090E+002  -0.2544644441875E-003
    -2       2    2   1   0.695034800E-09                 1.35000000000       9.99876327440         2   0   1 0.1448803233802E-004   0.8016935432498E+002  -0.2522360692175E-003
    -2       2    2   1   0.695034800E-09                 1.36000000000       9.99877116268         2   0   1 0.1448803090121E-004   0.8016938418505E+002  -0.2499426864002E-003
    -2       2    2   1   0.695034800E-09                 1.37000000000       9.99877927988         2   0   1 0.1448803329590E-004   0.8016950843453E+002  -0.2475825188934E-003
    -2       2    2   1   0.695034800E-09                 1.38000000000       9.99878763376         2   0   1 0.1448803353537E-004   0.8016951351799E+002  -0.2451536547152E-003
    -2       2    2   1   0.695034800E-09                 1.39000000000       9.99879623053         2   0   1 0.1448803329590E-004   0.8016960862744E+002  -0.2426540354389E-003
    -2       2    2   1   0.695034800E-09                 1.40000000000       9.99880507778         2   0   1 0.1448803377484E-004   0.8016959969897E+002  -0.2400812313980E-003
    -2       2    2   1   0.695034800E-09                 1.41000000000       9.99881418449         2   0   1 0.1448803257749E-004   0.8016968407389E+002  -0.2374334612994E-003
    -2       2    2   1   0.695034800E-09                 1.42000000000       9.99882355820         2   0   1 0.1448803449325E-004   0.8016969867827E+002  -0.2347071734131E-003
    -2       2    2   1   0.695034800E-09                 1.43000000000       9.99883320961         2   0   1 0.1448803521166E-004   0.8016976713079E+002  -0.2319011388843E-003
    -2       2    2   1   0.695034800E-09                 1.44000000000       9.99884314816         2   0   1 0.1448803161961E-004   0.8016980517479E+002  -0.2290110530797E-003
    -2       2    2   1   0.695034800E-09                 1.45000000000       9.99885338434         2   0   1 0.1448803473272E-004   0.8016990019264E+002  -0.2260341701336E-003
    -2       2    2   1   0.695034800E-09                 1.46000000000       9.99886393116         2   0   1 0.1448803329590E-004   0.8016993006344E+002  -0.2229670048465E-003
    -2       2    2   1   0.695034800E-09                 1.47000000000       9.99887480081         2   0   1 0.1448803305643E-004   0.8017001146255E+002  -0.2198057872095E-003
    -2       2    2   1   0.695034800E-09                 1.48000000000       9.99888600785         2   0   1 0.1448803281696E-004   0.8017005269342E+002  -0.2165463960877E-003
    -2       2    2   1   0.695034800E-09                 1.49000000000       9.99889756767         2   0   1 0.1448803257749E-004   0.8017012074742E+002  -0.2131843405030E-003
    -2       2    2   1   0.695034800E-09                 1.50000000000       9.99890949722         2   0   1 0.1448803401431E-004   0.8017013265794E+002  -0.2097146839297E-003
    -2       2    2   1   0.695034800E-09                 1.51000000000       9.99892181517         2   0   1 0.1448803377484E-004   0.8017021419276E+002  -0.2061319960778E-003
    -2       2    2   1   0.695034800E-09                 1.52000000000       9.99893454191         2   0   1 0.1448803305643E-004   0.8017024181013E+002  -0.2024302706394E-003
    -2       2    2   1   0.695034800E-09                 1.53000000000       9.99894770080         2   0   1 0.1448803138014E-004   0.8017025530370E+002  -0.1986028405665E-003
    -2       2    2   1   0.695034800E-09                 1.54000000000       9.99896131661         2   0   1 0.1448803138014E-004   0.8017032176049E+002  -0.1946423372823E-003
    -2       2    2   1   0.695034800E-09                 1.55000000000       9.99897541823         2   0   1 0.1448803138014E-004   0.8017038306050E+002  -0.1905404215702E-003
    -2       2    2   1   0.695034800E-09                 1.56000000000       9.99899003701         2   0   1 0.1448803401431E-004   0.8017048796831E+002  -0.1862877371677E-003
    -2       2    2   1   0.695034800E-09                 1.57000000000       9.99900521141         2   0   1 0.1448803353537E-004   0.8017048353662E+002  -0.1818738547389E-003
    -2       2    2   1   0.695034800E-09                 1.58000000000       9.99902098036         2   0   1 0.1448803329590E-004   0.8017051932466E+002  -0.1772861158839E-003
    -2       2    2   1   0.695034800E-09                 1.59000000000       9.99903739295         2   0   1 0.1448803185908E-004   0.8017059690653E+002  -0.1725121317232E-003
    -2       2    2   1   0.695034800E-09                 1.60000000000       9.99905450338         2   0   1 0.1448803138014E-004   0.8017062313787E+002  -0.1675345270514E-003
    -2       2    2   1   0.695034800E-09                 1.61000000000       9.99907237573         2   0   1 0.1448803353537E-004   0.8017071282863E+002  -0.1623350597562E-003
    -2       2    2   1   0.695034800E-09                 1.62000000000       9.99909108593         2   0   1 0.1448803281696E-004   0.8017072444222E+002  -0.1568918272327E-003
    -2       2    2   1   0.695034800E-09                 1.63000000000       9.99911072539         2   0   1 0.1448803233802E-004   0.8017076030322E+002  -0.1511783747888E-003

  TOTAL CPU =    50.80 SECS   LAST CYCLE =    0.33 SECS   NUSED =    1669
